{
 "cells": [
  {
   "cell_type": "markdown",
   "id": "ca0a21ab",
   "metadata": {},
   "source": [
    "# Logistic regression for breast cancer"
   ]
  },
  {
   "cell_type": "code",
   "execution_count": 13,
   "id": "df2b665d",
   "metadata": {},
   "outputs": [],
   "source": [
    "import pandas as pd\n",
    "import numpy as np\n",
    "import matplotlib.pyplot as plt\n",
    "from sklearn.model_selection import train_test_split"
   ]
  },
  {
   "cell_type": "code",
   "execution_count": 14,
   "id": "08b26cf5",
   "metadata": {},
   "outputs": [
    {
     "data": {
      "text/html": [
       "<div>\n",
       "<style scoped>\n",
       "    .dataframe tbody tr th:only-of-type {\n",
       "        vertical-align: middle;\n",
       "    }\n",
       "\n",
       "    .dataframe tbody tr th {\n",
       "        vertical-align: top;\n",
       "    }\n",
       "\n",
       "    .dataframe thead th {\n",
       "        text-align: right;\n",
       "    }\n",
       "</style>\n",
       "<table border=\"1\" class=\"dataframe\">\n",
       "  <thead>\n",
       "    <tr style=\"text-align: right;\">\n",
       "      <th></th>\n",
       "      <th>diagnosis</th>\n",
       "      <th>radius_mean</th>\n",
       "      <th>texture_mean</th>\n",
       "      <th>perimeter_mean</th>\n",
       "      <th>area_mean</th>\n",
       "      <th>smoothness_mean</th>\n",
       "      <th>compactness_mean</th>\n",
       "      <th>concavity_mean</th>\n",
       "      <th>concave points_mean</th>\n",
       "      <th>symmetry_mean</th>\n",
       "      <th>...</th>\n",
       "      <th>radius_worst</th>\n",
       "      <th>texture_worst</th>\n",
       "      <th>perimeter_worst</th>\n",
       "      <th>area_worst</th>\n",
       "      <th>smoothness_worst</th>\n",
       "      <th>compactness_worst</th>\n",
       "      <th>concavity_worst</th>\n",
       "      <th>concave points_worst</th>\n",
       "      <th>symmetry_worst</th>\n",
       "      <th>fractal_dimension_worst</th>\n",
       "    </tr>\n",
       "  </thead>\n",
       "  <tbody>\n",
       "    <tr>\n",
       "      <th>0</th>\n",
       "      <td>M</td>\n",
       "      <td>17.99</td>\n",
       "      <td>10.38</td>\n",
       "      <td>122.80</td>\n",
       "      <td>1001.0</td>\n",
       "      <td>0.11840</td>\n",
       "      <td>0.27760</td>\n",
       "      <td>0.3001</td>\n",
       "      <td>0.14710</td>\n",
       "      <td>0.2419</td>\n",
       "      <td>...</td>\n",
       "      <td>25.38</td>\n",
       "      <td>17.33</td>\n",
       "      <td>184.60</td>\n",
       "      <td>2019.0</td>\n",
       "      <td>0.1622</td>\n",
       "      <td>0.6656</td>\n",
       "      <td>0.7119</td>\n",
       "      <td>0.2654</td>\n",
       "      <td>0.4601</td>\n",
       "      <td>0.11890</td>\n",
       "    </tr>\n",
       "    <tr>\n",
       "      <th>1</th>\n",
       "      <td>M</td>\n",
       "      <td>20.57</td>\n",
       "      <td>17.77</td>\n",
       "      <td>132.90</td>\n",
       "      <td>1326.0</td>\n",
       "      <td>0.08474</td>\n",
       "      <td>0.07864</td>\n",
       "      <td>0.0869</td>\n",
       "      <td>0.07017</td>\n",
       "      <td>0.1812</td>\n",
       "      <td>...</td>\n",
       "      <td>24.99</td>\n",
       "      <td>23.41</td>\n",
       "      <td>158.80</td>\n",
       "      <td>1956.0</td>\n",
       "      <td>0.1238</td>\n",
       "      <td>0.1866</td>\n",
       "      <td>0.2416</td>\n",
       "      <td>0.1860</td>\n",
       "      <td>0.2750</td>\n",
       "      <td>0.08902</td>\n",
       "    </tr>\n",
       "    <tr>\n",
       "      <th>2</th>\n",
       "      <td>M</td>\n",
       "      <td>19.69</td>\n",
       "      <td>21.25</td>\n",
       "      <td>130.00</td>\n",
       "      <td>1203.0</td>\n",
       "      <td>0.10960</td>\n",
       "      <td>0.15990</td>\n",
       "      <td>0.1974</td>\n",
       "      <td>0.12790</td>\n",
       "      <td>0.2069</td>\n",
       "      <td>...</td>\n",
       "      <td>23.57</td>\n",
       "      <td>25.53</td>\n",
       "      <td>152.50</td>\n",
       "      <td>1709.0</td>\n",
       "      <td>0.1444</td>\n",
       "      <td>0.4245</td>\n",
       "      <td>0.4504</td>\n",
       "      <td>0.2430</td>\n",
       "      <td>0.3613</td>\n",
       "      <td>0.08758</td>\n",
       "    </tr>\n",
       "    <tr>\n",
       "      <th>3</th>\n",
       "      <td>M</td>\n",
       "      <td>11.42</td>\n",
       "      <td>20.38</td>\n",
       "      <td>77.58</td>\n",
       "      <td>386.1</td>\n",
       "      <td>0.14250</td>\n",
       "      <td>0.28390</td>\n",
       "      <td>0.2414</td>\n",
       "      <td>0.10520</td>\n",
       "      <td>0.2597</td>\n",
       "      <td>...</td>\n",
       "      <td>14.91</td>\n",
       "      <td>26.50</td>\n",
       "      <td>98.87</td>\n",
       "      <td>567.7</td>\n",
       "      <td>0.2098</td>\n",
       "      <td>0.8663</td>\n",
       "      <td>0.6869</td>\n",
       "      <td>0.2575</td>\n",
       "      <td>0.6638</td>\n",
       "      <td>0.17300</td>\n",
       "    </tr>\n",
       "    <tr>\n",
       "      <th>4</th>\n",
       "      <td>M</td>\n",
       "      <td>20.29</td>\n",
       "      <td>14.34</td>\n",
       "      <td>135.10</td>\n",
       "      <td>1297.0</td>\n",
       "      <td>0.10030</td>\n",
       "      <td>0.13280</td>\n",
       "      <td>0.1980</td>\n",
       "      <td>0.10430</td>\n",
       "      <td>0.1809</td>\n",
       "      <td>...</td>\n",
       "      <td>22.54</td>\n",
       "      <td>16.67</td>\n",
       "      <td>152.20</td>\n",
       "      <td>1575.0</td>\n",
       "      <td>0.1374</td>\n",
       "      <td>0.2050</td>\n",
       "      <td>0.4000</td>\n",
       "      <td>0.1625</td>\n",
       "      <td>0.2364</td>\n",
       "      <td>0.07678</td>\n",
       "    </tr>\n",
       "  </tbody>\n",
       "</table>\n",
       "<p>5 rows × 31 columns</p>\n",
       "</div>"
      ],
      "text/plain": [
       "  diagnosis  radius_mean  texture_mean  perimeter_mean  area_mean  \\\n",
       "0         M        17.99         10.38          122.80     1001.0   \n",
       "1         M        20.57         17.77          132.90     1326.0   \n",
       "2         M        19.69         21.25          130.00     1203.0   \n",
       "3         M        11.42         20.38           77.58      386.1   \n",
       "4         M        20.29         14.34          135.10     1297.0   \n",
       "\n",
       "   smoothness_mean  compactness_mean  concavity_mean  concave points_mean  \\\n",
       "0          0.11840           0.27760          0.3001              0.14710   \n",
       "1          0.08474           0.07864          0.0869              0.07017   \n",
       "2          0.10960           0.15990          0.1974              0.12790   \n",
       "3          0.14250           0.28390          0.2414              0.10520   \n",
       "4          0.10030           0.13280          0.1980              0.10430   \n",
       "\n",
       "   symmetry_mean  ...  radius_worst  texture_worst  perimeter_worst  \\\n",
       "0         0.2419  ...         25.38          17.33           184.60   \n",
       "1         0.1812  ...         24.99          23.41           158.80   \n",
       "2         0.2069  ...         23.57          25.53           152.50   \n",
       "3         0.2597  ...         14.91          26.50            98.87   \n",
       "4         0.1809  ...         22.54          16.67           152.20   \n",
       "\n",
       "   area_worst  smoothness_worst  compactness_worst  concavity_worst  \\\n",
       "0      2019.0            0.1622             0.6656           0.7119   \n",
       "1      1956.0            0.1238             0.1866           0.2416   \n",
       "2      1709.0            0.1444             0.4245           0.4504   \n",
       "3       567.7            0.2098             0.8663           0.6869   \n",
       "4      1575.0            0.1374             0.2050           0.4000   \n",
       "\n",
       "   concave points_worst  symmetry_worst  fractal_dimension_worst  \n",
       "0                0.2654          0.4601                  0.11890  \n",
       "1                0.1860          0.2750                  0.08902  \n",
       "2                0.2430          0.3613                  0.08758  \n",
       "3                0.2575          0.6638                  0.17300  \n",
       "4                0.1625          0.2364                  0.07678  \n",
       "\n",
       "[5 rows x 31 columns]"
      ]
     },
     "execution_count": 14,
     "metadata": {},
     "output_type": "execute_result"
    }
   ],
   "source": [
    "df=pd.read_csv('Breast cancer.csv')\n",
    "df.head()"
   ]
  },
  {
   "cell_type": "code",
   "execution_count": 15,
   "id": "6af8a5f9",
   "metadata": {},
   "outputs": [
    {
     "name": "stdout",
     "output_type": "stream",
     "text": [
      "                         radius_mean  texture_mean  perimeter_mean  area_mean  \\\n",
      "radius_mean                 1.000000      0.323782        0.997855   0.987357   \n",
      "texture_mean                0.323782      1.000000        0.329533   0.321086   \n",
      "perimeter_mean              0.997855      0.329533        1.000000   0.986507   \n",
      "area_mean                   0.987357      0.321086        0.986507   1.000000   \n",
      "smoothness_mean             0.170581     -0.023389        0.207278   0.177028   \n",
      "compactness_mean            0.506124      0.236702        0.556936   0.498502   \n",
      "concavity_mean              0.676764      0.302418        0.716136   0.685983   \n",
      "concave points_mean         0.822529      0.293464        0.850977   0.823269   \n",
      "symmetry_mean               0.147741      0.071401        0.183027   0.151293   \n",
      "fractal_dimension_mean     -0.311631     -0.076437       -0.261477  -0.283110   \n",
      "radius_se                   0.679090      0.275869        0.691765   0.732562   \n",
      "texture_se                 -0.097317      0.386358       -0.086761  -0.066280   \n",
      "perimeter_se                0.674172      0.281673        0.693135   0.726628   \n",
      "area_se                     0.735864      0.259845        0.744983   0.800086   \n",
      "smoothness_se              -0.222600      0.006614       -0.202694  -0.166777   \n",
      "compactness_se              0.206000      0.191975        0.250744   0.212583   \n",
      "concavity_se                0.194204      0.143293        0.228082   0.207660   \n",
      "concave points_se           0.376169      0.163851        0.407217   0.372320   \n",
      "symmetry_se                -0.104321      0.009127       -0.081629  -0.072497   \n",
      "fractal_dimension_se       -0.042641      0.054458       -0.005523  -0.019887   \n",
      "radius_worst                0.969539      0.352573        0.969476   0.962746   \n",
      "texture_worst               0.297008      0.912045        0.303038   0.287489   \n",
      "perimeter_worst             0.965137      0.358040        0.970387   0.959120   \n",
      "area_worst                  0.941082      0.343546        0.941550   0.959213   \n",
      "smoothness_worst            0.119616      0.077503        0.150549   0.123523   \n",
      "compactness_worst           0.413463      0.277830        0.455774   0.390410   \n",
      "concavity_worst             0.526911      0.301025        0.563879   0.512606   \n",
      "concave points_worst        0.744214      0.295316        0.771241   0.722017   \n",
      "symmetry_worst              0.163953      0.105008        0.189115   0.143570   \n",
      "fractal_dimension_worst     0.007066      0.119205        0.051019   0.003738   \n",
      "\n",
      "                         smoothness_mean  compactness_mean  concavity_mean  \\\n",
      "radius_mean                     0.170581          0.506124        0.676764   \n",
      "texture_mean                   -0.023389          0.236702        0.302418   \n",
      "perimeter_mean                  0.207278          0.556936        0.716136   \n",
      "area_mean                       0.177028          0.498502        0.685983   \n",
      "smoothness_mean                 1.000000          0.659123        0.521984   \n",
      "compactness_mean                0.659123          1.000000        0.883121   \n",
      "concavity_mean                  0.521984          0.883121        1.000000   \n",
      "concave points_mean             0.553695          0.831135        0.921391   \n",
      "symmetry_mean                   0.557775          0.602641        0.500667   \n",
      "fractal_dimension_mean          0.584792          0.565369        0.336783   \n",
      "radius_se                       0.301467          0.497473        0.631925   \n",
      "texture_se                      0.068406          0.046205        0.076218   \n",
      "perimeter_se                    0.296092          0.548905        0.660391   \n",
      "area_se                         0.246552          0.455653        0.617427   \n",
      "smoothness_se                   0.332375          0.135299        0.098564   \n",
      "compactness_se                  0.318943          0.738722        0.670279   \n",
      "concavity_se                    0.248396          0.570517        0.691270   \n",
      "concave points_se               0.380676          0.642262        0.683260   \n",
      "symmetry_se                     0.200774          0.229977        0.178009   \n",
      "fractal_dimension_se            0.283607          0.507318        0.449301   \n",
      "radius_worst                    0.213120          0.535315        0.688236   \n",
      "texture_worst                   0.036072          0.248133        0.299879   \n",
      "perimeter_worst                 0.238853          0.590210        0.729565   \n",
      "area_worst                      0.206718          0.509604        0.675987   \n",
      "smoothness_worst                0.805324          0.565541        0.448822   \n",
      "compactness_worst               0.472468          0.865809        0.754968   \n",
      "concavity_worst                 0.434926          0.816275        0.884103   \n",
      "concave points_worst            0.503053          0.815573        0.861323   \n",
      "symmetry_worst                  0.394309          0.510223        0.409464   \n",
      "fractal_dimension_worst         0.499316          0.687382        0.514930   \n",
      "\n",
      "                         concave points_mean  symmetry_mean  \\\n",
      "radius_mean                         0.822529       0.147741   \n",
      "texture_mean                        0.293464       0.071401   \n",
      "perimeter_mean                      0.850977       0.183027   \n",
      "area_mean                           0.823269       0.151293   \n",
      "smoothness_mean                     0.553695       0.557775   \n",
      "compactness_mean                    0.831135       0.602641   \n",
      "concavity_mean                      0.921391       0.500667   \n",
      "concave points_mean                 1.000000       0.462497   \n",
      "symmetry_mean                       0.462497       1.000000   \n",
      "fractal_dimension_mean              0.166917       0.479921   \n",
      "radius_se                           0.698050       0.303379   \n",
      "texture_se                          0.021480       0.128053   \n",
      "perimeter_se                        0.710650       0.313893   \n",
      "area_se                             0.690299       0.223970   \n",
      "smoothness_se                       0.027653       0.187321   \n",
      "compactness_se                      0.490424       0.421659   \n",
      "concavity_se                        0.439167       0.342627   \n",
      "concave points_se                   0.615634       0.393298   \n",
      "symmetry_se                         0.095351       0.449137   \n",
      "fractal_dimension_se                0.257584       0.331786   \n",
      "radius_worst                        0.830318       0.185728   \n",
      "texture_worst                       0.292752       0.090651   \n",
      "perimeter_worst                     0.855923       0.219169   \n",
      "area_worst                          0.809630       0.177193   \n",
      "smoothness_worst                    0.452753       0.426675   \n",
      "compactness_worst                   0.667454       0.473200   \n",
      "concavity_worst                     0.752399       0.433721   \n",
      "concave points_worst                0.910155       0.430297   \n",
      "symmetry_worst                      0.375744       0.699826   \n",
      "fractal_dimension_worst             0.368661       0.438413   \n",
      "\n",
      "                         fractal_dimension_mean  ...  radius_worst  \\\n",
      "radius_mean                           -0.311631  ...      0.969539   \n",
      "texture_mean                          -0.076437  ...      0.352573   \n",
      "perimeter_mean                        -0.261477  ...      0.969476   \n",
      "area_mean                             -0.283110  ...      0.962746   \n",
      "smoothness_mean                        0.584792  ...      0.213120   \n",
      "compactness_mean                       0.565369  ...      0.535315   \n",
      "concavity_mean                         0.336783  ...      0.688236   \n",
      "concave points_mean                    0.166917  ...      0.830318   \n",
      "symmetry_mean                          0.479921  ...      0.185728   \n",
      "fractal_dimension_mean                 1.000000  ...     -0.253691   \n",
      "radius_se                              0.000111  ...      0.715065   \n",
      "texture_se                             0.164174  ...     -0.111690   \n",
      "perimeter_se                           0.039830  ...      0.697201   \n",
      "area_se                               -0.090170  ...      0.757373   \n",
      "smoothness_se                          0.401964  ...     -0.230691   \n",
      "compactness_se                         0.559837  ...      0.204607   \n",
      "concavity_se                           0.446630  ...      0.186904   \n",
      "concave points_se                      0.341198  ...      0.358127   \n",
      "symmetry_se                            0.345007  ...     -0.128121   \n",
      "fractal_dimension_se                   0.688132  ...     -0.037488   \n",
      "radius_worst                          -0.253691  ...      1.000000   \n",
      "texture_worst                         -0.051269  ...      0.359921   \n",
      "perimeter_worst                       -0.205151  ...      0.993708   \n",
      "area_worst                            -0.231854  ...      0.984015   \n",
      "smoothness_worst                       0.504942  ...      0.216574   \n",
      "compactness_worst                      0.458798  ...      0.475820   \n",
      "concavity_worst                        0.346234  ...      0.573975   \n",
      "concave points_worst                   0.175325  ...      0.787424   \n",
      "symmetry_worst                         0.334019  ...      0.243529   \n",
      "fractal_dimension_worst                0.767297  ...      0.093492   \n",
      "\n",
      "                         texture_worst  perimeter_worst  area_worst  \\\n",
      "radius_mean                   0.297008         0.965137    0.941082   \n",
      "texture_mean                  0.912045         0.358040    0.343546   \n",
      "perimeter_mean                0.303038         0.970387    0.941550   \n",
      "area_mean                     0.287489         0.959120    0.959213   \n",
      "smoothness_mean               0.036072         0.238853    0.206718   \n",
      "compactness_mean              0.248133         0.590210    0.509604   \n",
      "concavity_mean                0.299879         0.729565    0.675987   \n",
      "concave points_mean           0.292752         0.855923    0.809630   \n",
      "symmetry_mean                 0.090651         0.219169    0.177193   \n",
      "fractal_dimension_mean       -0.051269        -0.205151   -0.231854   \n",
      "radius_se                     0.194799         0.719684    0.751548   \n",
      "texture_se                    0.409003        -0.102242   -0.083195   \n",
      "perimeter_se                  0.200371         0.721031    0.730713   \n",
      "area_se                       0.196497         0.761213    0.811408   \n",
      "smoothness_se                -0.074743        -0.217304   -0.182195   \n",
      "compactness_se                0.143003         0.260516    0.199371   \n",
      "concavity_se                  0.100241         0.226680    0.188353   \n",
      "concave points_se             0.086741         0.394999    0.342271   \n",
      "symmetry_se                  -0.077473        -0.103753   -0.110343   \n",
      "fractal_dimension_se         -0.003195        -0.001000   -0.022736   \n",
      "radius_worst                  0.359921         0.993708    0.984015   \n",
      "texture_worst                 1.000000         0.365098    0.345842   \n",
      "perimeter_worst               0.365098         1.000000    0.977578   \n",
      "area_worst                    0.345842         0.977578    1.000000   \n",
      "smoothness_worst              0.225429         0.236775    0.209145   \n",
      "compactness_worst             0.360832         0.529408    0.438296   \n",
      "concavity_worst               0.368366         0.618344    0.543331   \n",
      "concave points_worst          0.359755         0.816322    0.747419   \n",
      "symmetry_worst                0.233027         0.269493    0.209146   \n",
      "fractal_dimension_worst       0.219122         0.138957    0.079647   \n",
      "\n",
      "                         smoothness_worst  compactness_worst  concavity_worst  \\\n",
      "radius_mean                      0.119616           0.413463         0.526911   \n",
      "texture_mean                     0.077503           0.277830         0.301025   \n",
      "perimeter_mean                   0.150549           0.455774         0.563879   \n",
      "area_mean                        0.123523           0.390410         0.512606   \n",
      "smoothness_mean                  0.805324           0.472468         0.434926   \n",
      "compactness_mean                 0.565541           0.865809         0.816275   \n",
      "concavity_mean                   0.448822           0.754968         0.884103   \n",
      "concave points_mean              0.452753           0.667454         0.752399   \n",
      "symmetry_mean                    0.426675           0.473200         0.433721   \n",
      "fractal_dimension_mean           0.504942           0.458798         0.346234   \n",
      "radius_se                        0.141919           0.287103         0.380585   \n",
      "texture_se                      -0.073658          -0.092439        -0.068956   \n",
      "perimeter_se                     0.130054           0.341919         0.418899   \n",
      "area_se                          0.125389           0.283257         0.385100   \n",
      "smoothness_se                    0.314457          -0.055558        -0.058298   \n",
      "compactness_se                   0.227394           0.678780         0.639147   \n",
      "concavity_se                     0.168481           0.484858         0.662564   \n",
      "concave points_se                0.215351           0.452888         0.549592   \n",
      "symmetry_se                     -0.012662           0.060255         0.037119   \n",
      "fractal_dimension_se             0.170568           0.390159         0.379975   \n",
      "radius_worst                     0.216574           0.475820         0.573975   \n",
      "texture_worst                    0.225429           0.360832         0.368366   \n",
      "perimeter_worst                  0.236775           0.529408         0.618344   \n",
      "area_worst                       0.209145           0.438296         0.543331   \n",
      "smoothness_worst                 1.000000           0.568187         0.518523   \n",
      "compactness_worst                0.568187           1.000000         0.892261   \n",
      "concavity_worst                  0.518523           0.892261         1.000000   \n",
      "concave points_worst             0.547691           0.801080         0.855434   \n",
      "symmetry_worst                   0.493838           0.614441         0.532520   \n",
      "fractal_dimension_worst          0.617624           0.810455         0.686511   \n",
      "\n",
      "                         concave points_worst  symmetry_worst  \\\n",
      "radius_mean                          0.744214        0.163953   \n",
      "texture_mean                         0.295316        0.105008   \n",
      "perimeter_mean                       0.771241        0.189115   \n",
      "area_mean                            0.722017        0.143570   \n",
      "smoothness_mean                      0.503053        0.394309   \n",
      "compactness_mean                     0.815573        0.510223   \n",
      "concavity_mean                       0.861323        0.409464   \n",
      "concave points_mean                  0.910155        0.375744   \n",
      "symmetry_mean                        0.430297        0.699826   \n",
      "fractal_dimension_mean               0.175325        0.334019   \n",
      "radius_se                            0.531062        0.094543   \n",
      "texture_se                          -0.119638       -0.128215   \n",
      "perimeter_se                         0.554897        0.109930   \n",
      "area_se                              0.538166        0.074126   \n",
      "smoothness_se                       -0.102007       -0.107342   \n",
      "compactness_se                       0.483208        0.277878   \n",
      "concavity_se                         0.440472        0.197788   \n",
      "concave points_se                    0.602450        0.143116   \n",
      "symmetry_se                         -0.030413        0.389402   \n",
      "fractal_dimension_se                 0.215204        0.111094   \n",
      "radius_worst                         0.787424        0.243529   \n",
      "texture_worst                        0.359755        0.233027   \n",
      "perimeter_worst                      0.816322        0.269493   \n",
      "area_worst                           0.747419        0.209146   \n",
      "smoothness_worst                     0.547691        0.493838   \n",
      "compactness_worst                    0.801080        0.614441   \n",
      "concavity_worst                      0.855434        0.532520   \n",
      "concave points_worst                 1.000000        0.502528   \n",
      "symmetry_worst                       0.502528        1.000000   \n",
      "fractal_dimension_worst              0.511114        0.537848   \n",
      "\n",
      "                         fractal_dimension_worst  \n",
      "radius_mean                             0.007066  \n",
      "texture_mean                            0.119205  \n",
      "perimeter_mean                          0.051019  \n",
      "area_mean                               0.003738  \n",
      "smoothness_mean                         0.499316  \n",
      "compactness_mean                        0.687382  \n",
      "concavity_mean                          0.514930  \n",
      "concave points_mean                     0.368661  \n",
      "symmetry_mean                           0.438413  \n",
      "fractal_dimension_mean                  0.767297  \n",
      "radius_se                               0.049559  \n",
      "texture_se                             -0.045655  \n",
      "perimeter_se                            0.085433  \n",
      "area_se                                 0.017539  \n",
      "smoothness_se                           0.101480  \n",
      "compactness_se                          0.590973  \n",
      "concavity_se                            0.439329  \n",
      "concave points_se                       0.310655  \n",
      "symmetry_se                             0.078079  \n",
      "fractal_dimension_se                    0.591328  \n",
      "radius_worst                            0.093492  \n",
      "texture_worst                           0.219122  \n",
      "perimeter_worst                         0.138957  \n",
      "area_worst                              0.079647  \n",
      "smoothness_worst                        0.617624  \n",
      "compactness_worst                       0.810455  \n",
      "concavity_worst                         0.686511  \n",
      "concave points_worst                    0.511114  \n",
      "symmetry_worst                          0.537848  \n",
      "fractal_dimension_worst                 1.000000  \n",
      "\n",
      "[30 rows x 30 columns]\n"
     ]
    },
    {
     "data": {
      "text/plain": [
       "array([[ 1.00000000e+00,  3.23781891e-01,  9.97855281e-01,\n",
       "         9.87357170e-01,  1.70581187e-01,  5.06123578e-01,\n",
       "         6.76763550e-01,  8.22528522e-01,  1.47741242e-01,\n",
       "        -3.11630826e-01,  6.79090388e-01, -9.73174431e-02,\n",
       "         6.74171616e-01,  7.35863663e-01, -2.22600125e-01,\n",
       "         2.05999980e-01,  1.94203623e-01,  3.76168956e-01,\n",
       "        -1.04320881e-01, -4.26412691e-02,  9.69538973e-01,\n",
       "         2.97007644e-01,  9.65136514e-01,  9.41082460e-01,\n",
       "         1.19616140e-01,  4.13462823e-01,  5.26911462e-01,\n",
       "         7.44214198e-01,  1.63953335e-01,  7.06588569e-03],\n",
       "       [ 3.23781891e-01,  1.00000000e+00,  3.29533059e-01,\n",
       "         3.21085696e-01, -2.33885160e-02,  2.36702222e-01,\n",
       "         3.02417828e-01,  2.93464051e-01,  7.14009805e-02,\n",
       "        -7.64371834e-02,  2.75868676e-01,  3.86357623e-01,\n",
       "         2.81673115e-01,  2.59844987e-01,  6.61377735e-03,\n",
       "         1.91974611e-01,  1.43293077e-01,  1.63851025e-01,\n",
       "         9.12716776e-03,  5.44575196e-02,  3.52572947e-01,\n",
       "         9.12044589e-01,  3.58039575e-01,  3.43545947e-01,\n",
       "         7.75033588e-02,  2.77829592e-01,  3.01025224e-01,\n",
       "         2.95315843e-01,  1.05007910e-01,  1.19205351e-01],\n",
       "       [ 9.97855281e-01,  3.29533059e-01,  1.00000000e+00,\n",
       "         9.86506804e-01,  2.07278164e-01,  5.56936211e-01,\n",
       "         7.16135650e-01,  8.50977041e-01,  1.83027212e-01,\n",
       "        -2.61476908e-01,  6.91765014e-01, -8.67610783e-02,\n",
       "         6.93134890e-01,  7.44982694e-01, -2.02694026e-01,\n",
       "         2.50743681e-01,  2.28082345e-01,  4.07216916e-01,\n",
       "        -8.16293270e-02, -5.52339106e-03,  9.69476363e-01,\n",
       "         3.03038372e-01,  9.70386887e-01,  9.41549808e-01,\n",
       "         1.50549404e-01,  4.55774228e-01,  5.63879263e-01,\n",
       "         7.71240789e-01,  1.89115040e-01,  5.10185297e-02],\n",
       "       [ 9.87357170e-01,  3.21085696e-01,  9.86506804e-01,\n",
       "         1.00000000e+00,  1.77028377e-01,  4.98501682e-01,\n",
       "         6.85982829e-01,  8.23268869e-01,  1.51293079e-01,\n",
       "        -2.83109812e-01,  7.32562227e-01, -6.62802136e-02,\n",
       "         7.26628328e-01,  8.00085921e-01, -1.66776667e-01,\n",
       "         2.12582551e-01,  2.07660060e-01,  3.72320282e-01,\n",
       "        -7.24965882e-02, -1.98869632e-02,  9.62746086e-01,\n",
       "         2.87488627e-01,  9.59119574e-01,  9.59213326e-01,\n",
       "         1.23522939e-01,  3.90410309e-01,  5.12605920e-01,\n",
       "         7.22016626e-01,  1.43569914e-01,  3.73759735e-03],\n",
       "       [ 1.70581187e-01, -2.33885160e-02,  2.07278164e-01,\n",
       "         1.77028377e-01,  1.00000000e+00,  6.59123215e-01,\n",
       "         5.21983768e-01,  5.53695173e-01,  5.57774788e-01,\n",
       "         5.84792002e-01,  3.01467098e-01,  6.84064482e-02,\n",
       "         2.96091933e-01,  2.46552432e-01,  3.32375443e-01,\n",
       "         3.18943297e-01,  2.48395680e-01,  3.80675691e-01,\n",
       "         2.00774376e-01,  2.83606699e-01,  2.13120142e-01,\n",
       "         3.60717988e-02,  2.38852626e-01,  2.06718363e-01,\n",
       "         8.05324195e-01,  4.72468444e-01,  4.34925715e-01,\n",
       "         5.03053353e-01,  3.94309482e-01,  4.99316369e-01],\n",
       "       [ 5.06123578e-01,  2.36702222e-01,  5.56936211e-01,\n",
       "         4.98501682e-01,  6.59123215e-01,  1.00000000e+00,\n",
       "         8.83120670e-01,  8.31135043e-01,  6.02641048e-01,\n",
       "         5.65368663e-01,  4.97473446e-01,  4.62048307e-02,\n",
       "         5.48905265e-01,  4.55652852e-01,  1.35299268e-01,\n",
       "         7.38721790e-01,  5.70516871e-01,  6.42261851e-01,\n",
       "         2.29976591e-01,  5.07318127e-01,  5.35315398e-01,\n",
       "         2.48132833e-01,  5.90210428e-01,  5.09603806e-01,\n",
       "         5.65541166e-01,  8.65809040e-01,  8.16275250e-01,\n",
       "         8.15573224e-01,  5.10223430e-01,  6.87382323e-01],\n",
       "       [ 6.76763550e-01,  3.02417828e-01,  7.16135650e-01,\n",
       "         6.85982829e-01,  5.21983768e-01,  8.83120670e-01,\n",
       "         1.00000000e+00,  9.21391026e-01,  5.00666617e-01,\n",
       "         3.36783359e-01,  6.31924822e-01,  7.62183481e-02,\n",
       "         6.60390787e-01,  6.17426806e-01,  9.85637458e-02,\n",
       "         6.70278825e-01,  6.91270208e-01,  6.83259917e-01,\n",
       "         1.78009208e-01,  4.49300749e-01,  6.88236408e-01,\n",
       "         2.99878889e-01,  7.29564917e-01,  6.75987231e-01,\n",
       "         4.48822038e-01,  7.54968016e-01,  8.84102639e-01,\n",
       "         8.61323034e-01,  4.09464127e-01,  5.14929891e-01],\n",
       "       [ 8.22528522e-01,  2.93464051e-01,  8.50977041e-01,\n",
       "         8.23268869e-01,  5.53695173e-01,  8.31135043e-01,\n",
       "         9.21391026e-01,  1.00000000e+00,  4.62497388e-01,\n",
       "         1.66917383e-01,  6.98049834e-01,  2.14795819e-02,\n",
       "         7.10649872e-01,  6.90298540e-01,  2.76533084e-02,\n",
       "         4.90424250e-01,  4.39167068e-01,  6.15634131e-01,\n",
       "         9.53507869e-02,  2.57583746e-01,  8.30317631e-01,\n",
       "         2.92751713e-01,  8.55923128e-01,  8.09629620e-01,\n",
       "         4.52753054e-01,  6.67453677e-01,  7.52399498e-01,\n",
       "         9.10155314e-01,  3.75744145e-01,  3.68661134e-01],\n",
       "       [ 1.47741242e-01,  7.14009805e-02,  1.83027212e-01,\n",
       "         1.51293079e-01,  5.57774788e-01,  6.02641048e-01,\n",
       "         5.00666617e-01,  4.62497388e-01,  1.00000000e+00,\n",
       "         4.79921330e-01,  3.03379263e-01,  1.28052926e-01,\n",
       "         3.13892761e-01,  2.23970219e-01,  1.87321165e-01,\n",
       "         4.21659147e-01,  3.42627023e-01,  3.93297872e-01,\n",
       "         4.49136542e-01,  3.31786146e-01,  1.85727753e-01,\n",
       "         9.06506881e-02,  2.19168559e-01,  1.77193377e-01,\n",
       "         4.26675026e-01,  4.73200013e-01,  4.33721008e-01,\n",
       "         4.30296611e-01,  6.99825798e-01,  4.38413498e-01],\n",
       "       [-3.11630826e-01, -7.64371834e-02, -2.61476908e-01,\n",
       "        -2.83109812e-01,  5.84792002e-01,  5.65368663e-01,\n",
       "         3.36783359e-01,  1.66917383e-01,  4.79921330e-01,\n",
       "         1.00000000e+00,  1.10995073e-04,  1.64173966e-01,\n",
       "         3.98299316e-02, -9.01702475e-02,  4.01964425e-01,\n",
       "         5.59836691e-01,  4.46630322e-01,  3.41198044e-01,\n",
       "         3.45007397e-01,  6.88131577e-01, -2.53691495e-01,\n",
       "        -5.12692020e-02, -2.05151211e-01, -2.31854451e-01,\n",
       "         5.04942075e-01,  4.58798157e-01,  3.46233876e-01,\n",
       "         1.75325449e-01,  3.34018684e-01,  7.67296779e-01],\n",
       "       [ 6.79090388e-01,  2.75868676e-01,  6.91765014e-01,\n",
       "         7.32562227e-01,  3.01467098e-01,  4.97473446e-01,\n",
       "         6.31924822e-01,  6.98049834e-01,  3.03379263e-01,\n",
       "         1.10995073e-04,  1.00000000e+00,  2.13247337e-01,\n",
       "         9.72793677e-01,  9.51830112e-01,  1.64514220e-01,\n",
       "         3.56064576e-01,  3.32357538e-01,  5.13346441e-01,\n",
       "         2.40567362e-01,  2.27753533e-01,  7.15065195e-01,\n",
       "         1.94798557e-01,  7.19683804e-01,  7.51548476e-01,\n",
       "         1.41918553e-01,  2.87103166e-01,  3.80584635e-01,\n",
       "         5.31062328e-01,  9.45428304e-02,  4.95594325e-02],\n",
       "       [-9.73174431e-02,  3.86357623e-01, -8.67610783e-02,\n",
       "        -6.62802136e-02,  6.84064482e-02,  4.62048307e-02,\n",
       "         7.62183481e-02,  2.14795819e-02,  1.28052926e-01,\n",
       "         1.64173966e-01,  2.13247337e-01,  1.00000000e+00,\n",
       "         2.23170729e-01,  1.11567247e-01,  3.97242853e-01,\n",
       "         2.31699699e-01,  1.94998464e-01,  2.30283400e-01,\n",
       "         4.11620680e-01,  2.79722748e-01, -1.11690313e-01,\n",
       "         4.09002766e-01, -1.02241922e-01, -8.31949886e-02,\n",
       "        -7.36576591e-02, -9.24393536e-02, -6.89562205e-02,\n",
       "        -1.19637523e-01, -1.28214758e-01, -4.56545686e-02],\n",
       "       [ 6.74171616e-01,  2.81673115e-01,  6.93134890e-01,\n",
       "         7.26628328e-01,  2.96091933e-01,  5.48905265e-01,\n",
       "         6.60390787e-01,  7.10649872e-01,  3.13892761e-01,\n",
       "         3.98299316e-02,  9.72793677e-01,  2.23170729e-01,\n",
       "         1.00000000e+00,  9.37655407e-01,  1.51075331e-01,\n",
       "         4.16322368e-01,  3.62481582e-01,  5.56264084e-01,\n",
       "         2.66487092e-01,  2.44142773e-01,  6.97200593e-01,\n",
       "         2.00370854e-01,  7.21031310e-01,  7.30712973e-01,\n",
       "         1.30054392e-01,  3.41919445e-01,  4.18898816e-01,\n",
       "         5.54897231e-01,  1.09930434e-01,  8.54325721e-02],\n",
       "       [ 7.35863663e-01,  2.59844987e-01,  7.44982694e-01,\n",
       "         8.00085921e-01,  2.46552432e-01,  4.55652852e-01,\n",
       "         6.17426806e-01,  6.90298540e-01,  2.23970219e-01,\n",
       "        -9.01702475e-02,  9.51830112e-01,  1.11567247e-01,\n",
       "         9.37655407e-01,  1.00000000e+00,  7.51503381e-02,\n",
       "         2.84840057e-01,  2.70894726e-01,  4.15729568e-01,\n",
       "         1.34108980e-01,  1.27070903e-01,  7.57373189e-01,\n",
       "         1.96496649e-01,  7.61212636e-01,  8.11407961e-01,\n",
       "         1.25389431e-01,  2.83256538e-01,  3.85100136e-01,\n",
       "         5.38166314e-01,  7.41262916e-02,  1.75392951e-02],\n",
       "       [-2.22600125e-01,  6.61377735e-03, -2.02694026e-01,\n",
       "        -1.66776667e-01,  3.32375443e-01,  1.35299268e-01,\n",
       "         9.85637458e-02,  2.76533084e-02,  1.87321165e-01,\n",
       "         4.01964425e-01,  1.64514220e-01,  3.97242853e-01,\n",
       "         1.51075331e-01,  7.51503381e-02,  1.00000000e+00,\n",
       "         3.36696081e-01,  2.68684760e-01,  3.28429499e-01,\n",
       "         4.13506125e-01,  4.27374207e-01, -2.30690710e-01,\n",
       "        -7.47429649e-02, -2.17303755e-01, -1.82195478e-01,\n",
       "         3.14457456e-01, -5.55581387e-02, -5.82983867e-02,\n",
